23084
24119
23900
23313
31752
4289
23132
23624
24366
27351
31005
27312
30571
27310
26774
26930
30933
26939
24018
23878
8745
11512
15164
31366
30191
30485
31546
32367
30455
30028
29318
29775
28193
31262
24477
16207
24056
24055
23865
23482
23481
21388
21360
24428
23877
23252
17471
18089
23676
28249
28248
30072
28113
23510
29524
32070
27002
27053
27049
27000
27001
27050
27052
27003
27057
27055
27056
27048
27051
17262
22943
22944
23908
21993
9449
30409
30385
25433
30412
21979
30735
30387
22927
23909
30384
30407
30408
30745
21981
32713
26170
25274
22265
23597
23637
23719
12847
7619
31465
31792
32857
21976
8217
16875
19640
27858
30168
25136
26931
25731
30132
7954
29709
29716
31858
26887
26664
27448
22541
22838
22123
22654
31167
23752
27656
24393
26442
32015
23967
32957
27401
27400
21236
22204
21702
25301
15917
15323
23164
27453
23638
32253
15319
27531
28207
7535
32069
27718
10036
30788
23902
22612
22004
22241
23886
26109
26284
26169
26979
26110
26108
26107
26973
26974
26106
25014
16522
25133
25132
16899
23614
32460
22016
11427
21260
20587
22807
22959
30335
30970
32461
32442
12421
32439
16525
32747
26535
27674
26886
27573
29227
31958
24388
24857
26762
28715
22314
23456
24145
30014
23864
26947
22028
24785
22285
22001
30953
22303
26778
30221
29076
10965
23345
24818
30629
31266
28988
25024
29620
31092
22294
31381
21894
31578
26421
30782
29621
22026
31770
31513
10961
29442
23223
29035
22000
26420
27545
28894
22578
23128
30230
32770
25387
30842
31054
31294
31985
31263
17561
31285
27163
31419
11003
32325
11002
30501
31894
32570
32569
23654
22581
26335
30300
32727
22442
23346
25792
31707
32771
23652
32730
23656
22606
32737
27912
30843
32733
32725
32731
2951
32728
4954
27182
27181
24673
25218
22015
31635
29095
24143
30149
24139
25223
27968
29418
27799
15509
17299
28460
30969
32887
24651
25594
25593
22949
23475
25186
23866
20430
32139
31245
31694
31862
31864
32418
12426
31693
11433
13994
20518
28733
27144
27143
22895
23118
17120
29511
7310
14626
14647
27145
32103
27872
29507
25174
23207
25810
22812
31448
11060
25018
28192
23091
23113
32373
9676
30907
31188
31449
32765
23238
24594
31967
26344
32631
26710
30523
32633
31691
22200
27875
26366
30840
9952
27294
24474
26325
22377
22365
24576
27018
22371
32314
20984
16460
25690
30599
30858
32761
32602
11499
26558
12067
22845
10519
31112
26854
26773
27654
27521
27653
27522
27520
32900
24308
25049
25751
25858
26014
27452
25566
25863
25862
26152
31096
31929
32237
28375
30672
30413
30446
30415
12176
30561
15256
30460
11360
31350
28709
28989
26847
26855
31091
27369
23134
30607
29642
26850
31204
31169
31666
27222
22697
22488
23022
30570
24122
30499
22489
24235
32459
30171
31183
32839
9692
22492
25150
32632
30458
29107
29109
29111
29112
29149
30595
29115
29116
29123
29127
29130
32075
29481
29482
29483
29485
29487
29488
29528
29529
29530
29558
29564
29565
31445
26971
27237
28402
25689
18197
17772
25930
30596
29862
22645
32710
32712
24648
23417
25224
10698
29508
24922
29843
13265
24923
28184
32287
